32
46
50
15
5
60
49
59
45
64
3
45
5
46
47
78
50
53
41
85
81
41
75
50
55
44
29
39
54
33
3
27
77
37
37
26
40
45
35
68
3
70
62
66
85
44
9
21
53
54
53
40
38
27
88
48
72
30
46
47
51
18
70
50
42
50
33
36
54
56
45
35
15
3
24
19
81
52
11
48
62
44
60
20
27
10
72
34
44
7
45
27
45
18
10
67
66
31
31
59
56
52
40
41
49
5
55
58
52
62
29
18
61
22
80
65
28
18
44
90
28
68
70
69
19
37
46
18
58
52
48
50
75
51
30
69
84
13
39
78
39
7
40
41
60
49
45
72
76
20
54
65
29
71
23
40
61
46
41
65
83
51
15
61
31
67
27
53
24
95
45
37
5
42
33
48
53
10
43
36
36
6
16
37
38
5
3
40
58
30
91
81
39
50
72
69
55
37
16
95
14
81
36
46
26
47
47
86
43
31
46
42
45
23
52
41
28
14
14
61
66
41
88
43
68
32
32
33
63
8
25
34
8
49
23
53
39
14
26
7
65
83
58
8
30
10
37
38
15
38
44
40
31
40
8
23
58
6
6
32
46
32
15
13
45
16
3
25
17
23
19
20
75
54
58
49
89
58
70
46
15
38
67
44
65
51
46
67
61
16
33
28
41
55
55
20
45
59
45
27
35
36
63
59
54
34
23
55
41
50
44
26
45
9
42
39
81
47
55
78
62
45
62
87
46
5
74
32
12
54
44
34
24
34
9
65
25
57
14
80
37
11
83
46
34
37
7
57
33
46
86
41
51
61
68
25
46
62
63
91
79
6
41
30
37
56
56
43
3
69
18
43
45
33
42
9
39
15
52
28
69
68
34
23
52
51
36
17
5
57
38
58
14
14
35
69
13
32
41
24
43
48
33
34
23
42
75
52
54
33
22
29
21
32
59
71
45
30
47
68
49
48
51
61
4
53
69
39
43
44
87
7
30
50
25
20
60
59
54
21
7
63
73
41
20
38
39
23
18
20
9
39
30
40
47
5
30
32
63
5
11
62
8
4
39
59
13
12
36
58
22
50
17
48
10
65
32
23
58
80
39
11
31
26
63
43
55
47
4
46
14
36
71
19
59
41
18
19
28
10
51
39
49
32
29
36
48
51
44
55
51
35
50
50
88
42
51
14
76
59
14
40
44
65
48
51
60
23
9
64
60
41
55
43
89
65
13
61
32
30
24
27
24
35
6
12
50
49
37
14
31
41
46
65
47
19
75
36
37
49
34
77
22
43
57
36
31
65
57
58
76
61
40
14
39
7
43
58
30
20
86
55
49
31
68
53
65
46
62
40
45
95
48
31
52
37
68
40
30
73
30
58
34
40
75
49
47
26
47
48
58
38
36
86
44
28
18
73
17
82
36
73
48
35
66
58
44
26
19
87
43
41
37
39
24
27
75
38
32
24
55
90
43
20
44
49
9
21
79
9
39
36
54
26
55
39
52
54
68
57
40
21
12
10
56
13
8
14
74
82
34
55
39
27
71
59
17
27
43
33
74
92
44
53
95
60
51
41
47
58
55
85
58
3
35
74
77
76
45
85
98
31
73
42
31
43
17
65
50
49
37
35
56
59
52
52
65
40
23
32
27
36
43
63
67
71
24
46
34
27
58
65
46
63
71
83
52
75
59
46
49
34
15
18
24
18
12
35
30
38
51
46
81
25
53
89
51
26
49
40
27
36
29
21
38
23
65
41
10
43
59
41
59
57
29
28
79
4
30
45
86
25
83
23
20
9
23
52
70
26
61
70
16
13
41
45
40
31
40
50
7
53
20
93
38
19
93
21
32
73
55
51
37
91
51
6
16
48
39
93
16
73
47
4
10
52
52
80
32
47
64
80
56
29
34
50
60
48
27
87
81
31
45
73
68
49
51
41
13
47
58
87
17
85
55
17
40
39
41
10
11
41
42
35
8
92
5
21
18
38
28
55
37
19
42
92
51
56
71
35
45
54
38
75
10
10
4
43
8
36
48
29
43
68
43
30
11
9
40
37
42
4
56
13
58
37
79
59
24
17
48
43
47
22
14
52
26
7
3
69
37
46
26
25
51
45
68
59
36
71
55
74
36
32
42
16
93
13
28
8
22
17
52
52
81
83
50
48
41
56
70
29
56
34
11
9
17
26
29
23
35
29
57
71
14
46
50
22
35
50
63
44
51
15
46
42
66
48
52
26
86
8
49
35
12
55
38
32
20
92
65
49
23
44
29
28
30
17
45
47
