5
9 2 2 7 9
5 3 2 9 1
2 1

9 11  16 9 
5 3   9  1

18 [5,1] = 23

16 [1,9] = 25

11 [5,3] = 16

---------------------------

7
9 2 2 7 9 8 4
5 3 2 9 1 3 9
3 2

1 2  3   3  2  1
9 11 13  21 12 4
5 3  2    1  3 9

21 [5,3,9] = 35

15 [5,3,9] = 29

13 [5,3,2] = 21

21 [1,3,9] = 33

------------------------------

10
9 2 2 7 9 8 4 9 8 2
5 3 2 9 1 3 9 3 2 1
5 2


0 1  2  3  4    5  6  7  8  9
1 2  3  4  5    5  4  3  2  1
9 11 13 20 29   31 23 19 10 2
5 3  2  9  1    3  9  3  2  1


29 [5,3,2,9,1] + 14 = 43

22 [5,3,2,9,1] + 14 = 36

23 [5,3,2,2,1] + 8  = 31

30 [3,5,3,2,1] + 8  = 38

32 [5,9,3,2,1] + 14 = 46

31 [3,9,3,2,1] + 12 = 43







